10 10
42876 80635 79090 55398 88954 60207 42109 78347 24948 83861 
84807 83387 75906 77075 81374 78301 6499 46947 75625 41873 
83385 40154 24212 89395 39855 91713 45647 21516 33935 87363 
13206 28824 98607 52530 47248 2899 27395 6 70589 4602 
65547 69509 56011 41134 87304 40822 80754 88828 55322 46952 
24351 74639 4755 74920 52453 91664 18970 94612 71803 28076 
93594 29326 67589 31367 55106 75102 26878 97867 30321 25078 
21074 98872 65557 67195 17754 83799 67330 56550 94735 61454 
93786 39378 73680 20705 85303 83209 78279 63671 54949 34690 
49007 50233 64178 84813 53042 7961 7972 20015 28102 86594 
